-4.291111149232337084e+03
1.406987742304302458e+02
-6.150950114516360401e+01
1.404285811339179776e-03
-7.882984609336056714e-01
1.323904031076354926e+01
-8.247646388056401747e+02
-1.105593842928851434e+00
6.182786104035668586e+02
2.873064533291417320e+02
-2.535796339334535219e+02
2.599233724150553826e+03
4.586106326349926654e+00
-2.329583610299832230e+01
-1.853514016832688682e+01
-2.029173056087043570e+00
-6.618464635400688856e+00
8.797989670137257079e+00
-2.641576547277256637e+01
-4.411472871074836877e-01
8.650914493482885064e+02
-2.379943563307564887e+02
1.416023148457280968e+03
-1.046126523786302414e+03
-1.275841160496677958e+03
1.281699015866921764e+04
-1.129672027100662923e+01
1.179772278150138902e+02
7.101533925401230363e+01
9.171122027883736594e-02
-2.255514993052142017e+03
