-4.210176897690484111e+03
1.402759199074827450e+02
-6.152816074076266517e+01
1.403912629033991126e-03
-7.883008844749088695e-01
1.323032229986991659e+01
-8.256762302296961025e+02
-1.177313860976728188e+00
6.164972716341857222e+02
2.866981039120926766e+02
-2.562279389806074619e+02
2.599279825676484506e+03
3.759345184575751730e+00
-2.342972891690453707e+01
-1.854040431270783884e+01
-2.035629783760182665e+00
-6.619113513169948781e+00
8.788176934443427513e+00
-2.641349730660283868e+01
-4.470344298507433201e-01
8.649481293687855441e+02
-2.381517944216665512e+02
1.413657480171741781e+03
-1.047869178949834577e+03
-1.277437954403841559e+03
1.280775955514631278e+04
-1.166600139118631496e+01
1.174843361865772096e+02
6.968740849831993955e+01
8.979000387063028332e-02
-2.260346345752740490e+03
